City,Cloudiness,Country,Date,Humidity,Lat,Lng,Max Temp,Wind Speed
vangaindrano,88,MG,1551650057,90,-23.35,47.6,73.66,3.96
yellowknife,20,CA,1551649970,39,62.45,-114.38,10.4,6.93
busselton,0,AU,1551649996,43,-33.64,115.35,64.99,19.95
kapaa,90,US,1551649993,64,22.08,-159.32,75.2,17.22
hermanus,0,ZA,1551649521,95,-34.42,19.24,64.99,2.28
rikitea,56,PF,1551650028,100,-23.12,-134.97,79.42,12.57
cape town,0,ZA,1551649653,93,-33.93,18.42,68.0,1.12
sarankhola,0,BD,1551650152,89,22.31,89.79,63.31,2.73
ushuaia,75,AR,1551646800,47,-54.81,-68.31,55.4,12.46
sao joao da barra,20,BR,1551646800,70,-21.64,-41.05,84.2,13.87
arraial do cabo,75,BR,1551646800,83,-22.97,-42.02,82.4,5.82
puerto ayora,20,EC,1551646800,70,-0.74,-90.35,86.0,13.87
beloha,0,MG,1551650158,85,-25.17,45.06,73.48,9.78
nikolskoye,75,RU,1551649834,85,59.7,30.79,19.0,2.24
victoria,75,BN,1551646800,100,5.28,115.24,78.8,3.74
kharp,56,RU,1551650160,63,66.82,65.8,-3.83,16.37
kaitangata,0,NZ,1551650161,78,-46.28,169.85,58.68,4.52
tuktoyaktuk,90,CA,1551646800,78,69.44,-133.03,15.8,20.8
cap malheureux,40,MU,1551650046,83,-19.98,57.61,80.6,8.05
gat,0,SN,1551648600,49,14.69,-16.54,69.8,18.34
maryville,1,US,1551650050,15,40.35,-94.87,8.6,14.99
seoul,20,KR,1551648000,69,37.57,126.98,41.0,1.12
vao,88,EE,1551650164,82,59.1,26.19,21.96,9.22
luanda,40,AO,1551646800,83,-8.83,13.24,80.6,6.93
albany,90,US,1551650162,40,42.65,-73.75,39.0,3.4
kodiak,1,US,1551650014,15,39.95,-94.76,12.0,14.99
fairbanks,90,US,1551650157,85,64.84,-147.72,25.0,3.74
barrow,44,AR,1551650067,40,-38.31,-60.23,79.38,14.03
port alfred,0,ZA,1551650061,90,-33.59,26.89,68.0,13.47
kruisfontein,0,ZA,1551650171,85,-34.0,24.73,63.36,5.41
avarua,0,CK,1551646800,66,-21.21,-159.78,84.2,8.05
lunel,90,FR,1551649928,87,43.67,4.13,55.0,9.17
calama,0,CL,1551649555,11,-22.46,-68.93,78.01,20.8
galle,90,US,1551650166,70,29.74,-97.91,48.2,21.92
hobart,0,AU,1551649935,71,-42.88,147.33,62.01,8.05
ahipara,24,NZ,1551648721,86,-35.17,173.16,70.0,1.99
thompson,90,CA,1551646800,65,55.74,-97.86,6.8,12.75
mataura,0,NZ,1551650035,75,-46.19,168.86,56.02,5.08
aleksandrov gay,48,RU,1551650182,85,50.14,48.57,16.69,14.81
punta arenas,20,CL,1551649992,50,-53.16,-70.91,53.6,23.04
grindavik,0,IS,1551650055,74,63.84,-22.43,39.99,18.34
provideniya,90,RU,1551646800,92,64.42,-173.23,30.2,29.08
lagoa,0,PT,1551649928,72,37.14,-8.45,59.0,6.93
bluff,76,AU,1551650065,81,-23.58,149.07,69.7,11.9
tasiilaq,80,GL,1551646200,73,65.61,-37.64,23.0,23.04
hovd,75,NO,1551650164,74,63.83,10.7,33.8,13.87
mar del plata,32,AR,1551650040,41,-46.43,-67.52,63.94,23.09
saint-joseph,0,FR,1551650109,93,43.56,6.97,54.0,3.36
komsomolskiy,8,RU,1551650189,42,67.55,63.78,-14.36,3.18
bredasdorp,0,ZA,1551649515,82,-34.53,20.04,60.8,5.82
maturin,68,VE,1551650193,49,9.75,-63.18,85.45,9.1
ardmore,90,US,1551650048,93,34.99,-86.85,43.0,11.41
vaini,0,IN,1551650137,86,15.34,74.49,60.39,1.39
kovdor,24,RU,1551650198,69,67.56,30.47,0.81,4.85
saint-philippe,20,CA,1551650034,63,45.36,-73.48,30.99,11.41
ojinaga,1,US,1551649545,22,29.56,-104.41,82.4,6.93
atuona,92,PF,1551650054,100,-9.8,-139.03,80.28,12.35
rodrigues alves,75,BR,1551646800,66,-7.74,-72.65,87.8,4.7
castro,75,CL,1551646800,82,-42.48,-73.76,55.4,8.05
bang saphan,48,TH,1551650199,100,11.21,99.51,77.26,4.18
nishihara,90,JP,1551650163,100,35.74,139.53,48.99,11.41
norman wells,5,CA,1551646800,59,65.28,-126.83,1.4,3.36
georgetown,75,GY,1551646800,83,6.8,-58.16,82.4,9.17
fortuna,0,ES,1551650199,76,38.18,-1.13,57.2,1.12
novikovo,0,UA,1551650202,100,45.05,34.56,24.48,4.41
north bend,1,US,1551649821,61,43.41,-124.22,53.01,13.87
ilulissat,76,GL,1551646200,79,69.22,-51.1,19.4,4.7
pevek,64,RU,1551650188,83,69.7,170.27,-2.35,8.43
ponta do sol,92,BR,1551650203,88,-20.63,-46.0,70.15,3.85
kazachinskoye,56,RU,1551650204,84,57.69,93.28,21.64,7.43
hargeysa,0,SO,1551650204,89,9.56,44.06,57.19,5.08
lubao,40,PH,1551649985,83,14.94,120.6,78.01,2.24
mokhsogollokh,64,RU,1551650206,53,61.4,128.95,-10.85,3.51
hambantota,5,LK,1551647400,100,6.12,81.12,75.2,2.24
araouane,0,ML,1551650156,29,18.9,-3.53,58.68,4.18
penzance,40,GB,1551650101,81,50.12,-5.53,46.4,13.87
kotelnich,64,RU,1551650208,89,58.31,48.34,13.45,4.74
ovsyanka,0,RU,1551650210,70,53.58,126.91,6.21,5.41
kavieng,32,PG,1551650124,100,-2.57,150.8,83.38,6.31
agramonte,40,CU,1551646200,58,22.68,-81.12,84.2,11.41
pisco,40,PE,1551646800,30,-13.71,-76.2,71.6,16.11
weligama,24,LK,1551650211,100,5.97,80.42,74.83,3.96
yumen,0,CN,1551650211,67,40.29,97.04,19.26,3.62
hithadhoo,92,MV,1551650035,100,-0.6,73.08,83.34,11.34
la union,8,GT,1551649615,39,14.97,-89.29,91.99,8.01
humboldt,44,CA,1551650212,89,52.21,-105.12,0.58,17.05
new norfolk,0,AU,1551649996,71,-42.78,147.06,62.01,8.05
dubai,40,AE,1551646800,59,25.27,55.3,66.2,8.05
hamilton,75,BM,1551649919,83,32.3,-64.78,69.8,5.82
nantucket,90,US,1551650043,64,41.28,-70.1,37.4,9.17
port elizabeth,90,US,1551650007,93,39.31,-74.98,39.99,5.82
agirish,80,RU,1551650213,75,61.92,63.02,10.84,8.1
tiksi,56,RU,1551650144,70,71.64,128.87,-5.95,8.66
pasighat,88,IN,1551650214,83,28.06,95.33,52.38,1.61
nuuk,0,GL,1551646200,85,64.17,-51.74,21.2,5.82
xiaoweizhai,92,CN,1551650215,98,26.23,107.51,46.3,2.73
khandwa,0,IN,1551650215,68,21.82,76.36,61.78,6.64
butaritari,92,KI,1551650215,100,3.07,172.79,77.71,10.89
katsuura,90,JP,1551650083,93,33.93,134.5,50.0,5.82
hinton,0,CA,1551647010,27,53.4,-117.57,8.01,3.18
sao jose da coroa grande,76,BR,1551650218,86,-8.9,-35.15,79.83,10.67
nanortalik,88,GL,1551650168,100,60.14,-45.24,27.18,10.89
nabire,56,ID,1551650218,96,-3.36,135.5,67.9,1.72
chishan,20,TW,1551650097,88,22.64,120.36,68.0,5.82
egvekinot,88,RU,1551650219,88,66.32,-179.17,23.89,10.67
mogadishu,36,SO,1551650060,100,2.04,45.34,79.38,11.9
aras,0,YE,1551650225,87,14.28,44.38,46.12,1.5
brae,92,GB,1551649800,93,60.4,-1.35,44.6,10.29
sroda wielkopolska,75,PL,1551650042,100,52.23,17.28,48.0,12.75
verkhnetulomskiy,0,RU,1551646800,51,68.61,31.8,10.4,11.18
platteville,1,US,1551650215,43,42.73,-90.48,12.99,17.22
santa rosalia,40,IT,1551650175,87,38.07,13.27,57.99,8.05
patea,0,NZ,1551649807,67,-39.76,174.48,66.0,15.99
airai,32,TL,1551650123,92,-8.93,125.41,67.9,0.38
hilo,90,US,1551650001,73,19.71,-155.08,73.99,12.75
beruwala,8,LK,1551650242,100,6.48,79.98,79.15,4.18
banat,0,SD,1551650243,22,14.75,33.41,73.3,14.47
kavaratti,0,IN,1551650093,100,10.57,72.64,81.94,11.56
faanui,20,PF,1551650059,100,-16.48,-151.75,83.34,5.64
port keats,24,AU,1551650249,89,-14.25,129.55,80.86,11.79
sobolevo,88,RU,1551650250,94,54.43,31.9,29.92,12.46
torbay,90,CA,1551650011,92,47.66,-52.73,24.01,18.34
yining,0,CN,1551650254,83,29.04,114.56,28.89,2.39
ibra,0,OM,1551650256,99,22.69,58.55,48.73,2.28
taoudenni,0,ML,1551650258,26,22.68,-3.98,56.92,5.3
constitucion,20,MX,1551649816,7,23.99,-104.67,84.2,3.36
lebu,12,ET,1551650021,73,8.96,38.73,53.73,4.52
isla mujeres,40,MX,1551649986,58,21.23,-86.73,84.2,20.8
saskylakh,36,RU,1551650048,38,71.97,114.09,-25.57,3.51
paita,0,PE,1551646800,290,-5.09,-81.11,62.6,10.29
jamestown,64,AU,1551650023,84,-33.21,138.6,66.78,3.96
rio bueno,40,JM,1551646800,62,18.47,-77.46,84.2,14.99
lashio,32,MM,1551650019,85,22.93,97.75,53.23,1.16
carnarvon,0,ZA,1551650034,39,-30.97,22.13,65.83,7.76
khani,75,GE,1551646800,100,41.96,42.96,33.8,6.93
mazagao,90,BR,1551646800,100,-0.12,-51.29,77.0,8.05
katobu,76,ID,1551650283,100,-4.94,122.53,77.89,1.95
dwarka,20,IN,1551649508,100,28.58,77.04,66.0,3.62
longyearbyen,75,NO,1551646200,58,78.22,15.63,-2.21,9.17
bethel,1,US,1551646560,74,60.79,-161.76,30.2,11.41
mount gambier,40,AU,1551648120,93,-37.83,140.78,50.0,2.95
chuy,0,UY,1551650016,68,-33.69,-53.46,73.08,10.0
lebrija,0,ES,1551649777,87,36.92,-6.08,62.01,7.31
qaanaaq,0,GL,1551650303,85,77.48,-69.36,-6.71,11.56
mizdah,0,LY,1551650204,77,31.45,12.98,48.82,8.99
christchurch,0,NZ,1551649985,82,-43.53,172.64,64.0,13.87
puerto escondido,20,MX,1551649260,70,15.86,-97.07,84.2,11.41
yar-sale,80,RU,1551650225,89,66.83,70.83,1.21,23.09
zachary,90,US,1551650292,100,30.65,-91.16,57.0,12.75
zhaotong,12,CN,1551650069,71,27.34,103.71,37.98,3.85
saint george,20,GR,1551650012,86,39.45,22.34,48.0,2.73
desaguadero,8,PE,1551650316,25,-16.56,-69.04,66.01,10.11
khandyga,0,RU,1551650318,46,62.65,135.58,-29.39,2.51
ribeira grande,75,PT,1551646800,71,38.52,-28.7,57.2,9.17
husavik,56,CA,1551650076,68,50.56,-96.99,3.0,4.0
acajutla,12,SV,1551650325,55,13.59,-89.83,86.04,5.64
clyde river,1,CA,1551646800,76,70.47,-68.59,-9.41,2.24
gainesville,20,US,1551650113,44,29.65,-82.33,84.2,20.8
kailua,1,US,1551650138,64,21.39,-157.74,78.8,12.75
florianopolis,40,BR,1551650286,78,-27.6,-48.55,81.0,10.29
port-cartier,20,CA,1551650005,48,50.03,-66.88,21.2,12.75
meulaboh,8,ID,1551650103,100,4.14,96.13,78.79,5.97
flinders,0,AU,1551650313,88,-34.58,150.85,77.0,5.82
kodinsk,0,RU,1551650339,60,58.6,99.18,4.41,3.18
kommunisticheskiy,80,RU,1551650342,79,61.68,64.48,13.09,9.89
san patricio,0,PY,1551650343,54,-26.98,-56.83,89.86,2.51
upernavik,80,GL,1551650346,100,72.79,-56.15,11.29,10.22
qasigiannguit,76,GL,1551646200,79,68.82,-51.19,19.4,4.7
port lincoln,0,AU,1551650353,100,-34.72,135.86,62.95,8.43
dingle,32,PH,1551650355,96,11.0,122.67,74.38,7.09
oksfjord,0,NO,1551649800,56,70.24,22.35,26.6,18.34
shaunavon,0,CA,1551650359,73,49.65,-108.41,-4.82,16.71
mata,40,CU,1551646260,42,22.63,-79.93,86.0,9.17
thai binh,20,VN,1551646800,78,20.45,106.33,71.6,8.05
east london,8,ZA,1551650366,100,-33.02,27.91,74.92,20.29
hasaki,75,JP,1551649775,100,35.73,140.83,51.8,13.87
awbari,0,LY,1551650371,46,26.59,12.77,50.04,3.18
kalangala,20,UG,1551648600,73,-0.32,32.29,75.2,18.34
codrington,90,AU,1551650271,100,-28.95,153.24,72.0,3.36
noumea,75,NC,1551646800,94,-22.28,166.46,77.0,1.12
perene,36,PE,1551650379,67,-10.95,-75.23,81.31,2.51
saldanha,44,PT,1551650381,69,41.42,-6.55,53.05,15.26
ulaanbaatar,0,MN,1551648600,71,47.92,106.92,3.2,2.24
jalu,0,LY,1551650384,55,29.03,21.55,54.31,10.11
chokurdakh,36,RU,1551649769,62,70.62,147.9,-13.33,6.2
botngard,75,NO,1551650164,74,63.77,9.81,33.8,14.99
yerbogachen,0,RU,1551650390,68,61.28,108.01,4.45,2.62
dorado,40,PR,1551650176,65,18.46,-66.27,82.4,11.41
port-gentil,75,GA,1551646800,78,-0.72,8.78,82.4,8.05
panaba,0,MX,1551650398,38,21.28,-88.27,91.98,10.78
inverness,76,GB,1551650325,93,57.48,-4.23,43.0,6.93
shelburne,90,CA,1551650163,58,44.08,-80.2,28.99,8.05
bani,0,PH,1551650441,100,15.89,120.27,68.94,4.74
tiznit,0,MA,1551650447,94,29.7,-9.73,55.57,3.74
ancud,75,CL,1551646800,82,-41.87,-73.83,55.4,8.05
barguzin,80,RU,1551650452,80,53.62,109.63,15.39,2.17
santa marta,75,CO,1551646800,59,11.24,-74.21,89.6,13.87
yellandu,0,IN,1551650456,80,17.59,80.32,74.88,8.99
lao cai,80,VN,1551650457,85,22.48,103.95,60.84,1.16
nenjiang,8,CN,1551650458,62,49.17,125.23,15.25,3.96
mahebourg,40,MU,1551650346,83,-20.41,57.7,80.6,8.05
biltine,0,TD,1551650463,30,14.53,20.93,74.74,7.65
hervey bay,90,AU,1551650409,88,-25.3,152.85,78.01,9.17
tilichiki,56,RU,1551650469,76,60.47,166.1,13.99,5.3
carinhanha,0,BR,1551650470,56,-14.3,-43.77,85.14,2.62
black river,40,JM,1551646800,62,18.03,-77.85,84.2,14.99
port macquarie,64,AU,1551650404,93,-31.43,152.91,72.0,3.36
miquelon,75,PM,1551650400,92,47.1,-56.38,24.8,13.87
midland,0,US,1551648900,72,32.0,-102.08,32.0,16.11
kamloops,5,CA,1551650406,37,50.68,-120.34,19.99,2.24
mount pleasant,90,US,1551649639,74,33.16,-94.97,39.99,16.11
klaksvik,92,FO,1551649800,81,62.23,-6.59,42.8,6.93
naze,40,NG,1551646800,83,5.43,7.07,80.6,3.74
katangli,8,RU,1551650494,100,51.71,143.23,3.91,4.29
mount isa,0,AU,1551646800,73,-20.73,139.49,71.6,5.75
nassau,0,DE,1551650319,71,51.17,13.51,51.01,12.75
iqaluit,75,CA,1551649967,70,63.75,-68.52,-5.01,3.36
khatanga,44,RU,1551650507,75,71.98,102.47,-0.1,18.39
ponta delgada,75,PT,1551650414,62,37.73,-25.67,59.0,10.29
buraydah,0,SA,1551646800,62,26.33,43.97,53.6,6.93
rio gallegos,40,AR,1551646800,21,-51.62,-69.22,60.8,17.22
vestmannaeyjar,92,IS,1551650233,96,63.44,-20.27,38.83,13.13
portobelo,40,PA,1551650467,58,9.55,-79.65,88.0,6.93
novo aripuana,20,BR,1551650532,67,-5.12,-60.38,87.66,1.72
tautira,40,PF,1551648600,66,-17.73,-149.15,89.6,8.05
menongue,24,AO,1551650541,88,-14.66,17.68,65.92,2.62
russell,0,AR,1551646800,27,-33.01,-68.8,91.4,4.7
ostrovnoy,0,RU,1551650544,60,68.05,39.51,0.63,9.78
naples,20,US,1551650524,74,26.14,-81.79,82.99,11.41
hofn,88,IS,1551650549,100,64.25,-15.21,36.81,38.86
faya,0,SA,1551646800,58,18.39,42.45,55.4,10.29
vardo,90,US,1551650498,80,39.62,-77.74,34.0,6.93
coachella,1,US,1551650505,35,33.68,-116.18,78.8,18.34
drawsko pomorskie,90,PL,1551650150,93,53.53,15.81,48.2,11.41
purranque,75,CL,1551646800,48,-40.91,-73.16,64.4,11.41
tabas,0,IR,1551650563,36,33.6,56.92,37.12,4.18
laguna,5,MX,1551649200,22,27.52,-110.01,87.8,14.99
bonthe,0,SL,1551650566,59,7.53,-12.5,81.94,5.64
itarema,88,BR,1551650567,99,-2.92,-39.92,75.46,2.95
aketi,20,CD,1551650569,80,2.74,23.78,77.13,1.5
coahuayana,0,MX,1551650571,28,18.62,-100.35,90.13,3.06
normandin,90,CA,1551649260,85,48.84,-72.53,21.2,4.7
srednekolymsk,20,RU,1551650573,34,67.46,153.71,-23.09,2.39
nouakchott,0,MR,1551648600,72,18.08,-15.98,66.2,6.93
dikson,56,RU,1551650577,100,73.51,80.55,-6.13,26.44
severo-kurilsk,56,RU,1551650579,100,50.68,156.12,24.7,22.53
grahamstown,0,ZA,1551650361,73,-33.31,26.53,68.0,1.01
pucallpa,20,PE,1551650582,53,-8.38,-74.54,91.26,2.73
aykhal,8,RU,1551650584,51,65.95,111.51,-5.18,7.09
novyy urengoy,92,RU,1551650587,90,66.08,76.63,16.33,19.51
mareeba,75,AU,1551650418,83,-16.99,145.42,79.0,9.17
karratha,76,AU,1551650449,49,-20.74,116.85,80.95,1.39
emba,75,CY,1551650497,87,34.81,32.42,53.6,6.93
cidreira,8,BR,1551650504,69,-30.17,-50.22,78.07,10.56
atlantis,0,ZA,1551650574,93,-33.57,18.5,66.99,1.12
bambous virieux,40,MU,1551650346,83,-20.34,57.76,80.6,8.05
wanning,75,AT,1551650594,81,48.64,13.53,48.0,2.24
portland,20,US,1551650486,27,45.52,-122.67,44.6,21.92
gamba,8,CN,1551650604,36,28.28,88.52,-14.81,2.17
rudnichnyy,80,RU,1551650606,71,59.7,60.29,11.92,2.62
kimbe,76,PG,1551650607,100,-5.56,150.15,77.8,3.62
burley,90,US,1551647700,59,42.54,-113.79,37.4,4.7
esperance,40,TT,1551650483,74,10.24,-61.45,80.6,10.29
andros town,40,BS,1551650413,74,24.73,-77.79,78.8,12.75
nemuro,0,JP,1551650614,90,43.32,145.57,32.62,11.01
ruteng,24,ID,1551650616,96,-8.61,120.46,69.61,1.95
te karaka,0,NZ,1551650620,51,-38.47,177.87,66.01,3.18
alofi,76,NU,1551646800,74,-19.06,-169.92,84.2,8.05
gambo,0,NG,1551650623,40,11.96,9.63,77.17,5.86
san rafael,24,AR,1551650627,45,-34.61,-68.33,76.54,4.41
tahoua,0,NE,1551650629,27,14.89,5.26,69.52,7.43
san ramon,40,NI,1551646800,54,12.92,-85.84,78.8,4.7
najran,5,SA,1551646800,24,17.54,44.22,68.0,2.62
arroyohondo,20,CO,1551646800,62,10.25,-75.02,87.8,16.11
iralaya,40,HN,1551646800,70,15.0,-83.23,84.2,10.29
san lawrenz,20,MT,1551650553,93,36.06,14.2,54.0,5.82
benguela,64,AO,1551650639,100,-12.58,13.4,79.6,6.31
antofagasta,20,CL,1551646800,64,-23.65,-70.4,71.6,14.99
minab,0,IR,1551648600,87,27.15,57.07,57.2,9.33
cabo san lucas,5,MX,1551650134,36,22.89,-109.91,87.01,4.7
quedlinburg,88,DE,1551650564,75,51.79,11.15,53.01,5.99
sao gabriel,0,BR,1551650498,50,-30.34,-54.32,86.76,4.41
luderitz,20,NA,1551650643,78,-26.65,15.16,63.76,19.39
koundara,0,GN,1551650643,26,12.49,-13.3,76.99,7.43
la ronge,90,CA,1551646800,60,55.1,-105.3,6.8,16.11
lagunillas,68,VE,1551650646,62,8.5,-71.39,69.7,0.72
khed brahma,0,IN,1551650409,67,24.03,73.05,58.27,4.18
sarakhs,0,TM,1551646800,57,36.54,61.16,51.8,4.7
bakel,0,SN,1551650647,23,14.9,-12.46,70.56,7.65
umm lajj,0,SA,1551650647,100,25.02,37.27,56.16,4.63
mandera,36,ET,1551649594,13,3.94,41.86,80.01,1.01
lima,0,PE,1551650528,61,-12.06,-77.04,80.6,13.87
khor,8,RU,1551650649,77,47.88,134.96,10.98,2.62
erenhot,8,CN,1551650649,63,43.65,111.97,11.11,2.39
yecla,0,ES,1551650614,76,38.61,-1.12,63.0,1.12
lompoc,75,US,1551650650,77,34.64,-120.46,62.01,12.75
baicheng,0,CN,1551650650,55,45.61,122.87,28.12,5.64
sosnovo-ozerskoye,48,RU,1551650651,64,52.53,111.54,6.21,2.51
vadso,0,NO,1551649800,60,70.07,29.75,15.8,26.4
flin flon,75,CA,1551646800,50,54.77,-101.88,6.8,14.99
cherskiy,20,RU,1551650651,50,68.75,161.3,-17.47,5.97
marzuq,20,YE,1551650652,92,14.4,46.47,57.01,2.17
vila velha,40,BR,1551650400,78,-3.71,-38.6,82.0,4.7
belyy yar,88,RU,1551648600,92,53.6,91.39,28.4,2.24
victor harbor,0,AU,1551650532,72,-35.55,138.62,64.99,4.7
norilsk,8,RU,1551650583,52,69.35,88.2,-10.58,3.4
college,75,US,1551650645,79,64.86,-147.8,25.0,3.36
kovur,0,IN,1551650655,85,14.5,79.99,75.24,8.21
amberieu-en-bugey,0,FR,1551650545,47,45.96,5.34,57.2,19.46
kozhva,32,RU,1551650655,66,65.11,57.05,-4.87,7.2
karangasem,92,ID,1551650657,100,-6.7,108.49,79.29,2.95
marawi,0,PH,1551650464,91,8.0,124.29,72.0,5.01
labuan,75,BN,1551648600,100,5.28,115.24,78.8,3.74
juba,90,EE,1551650477,92,57.82,26.93,28.4,12.75
alugan,80,PH,1551650658,100,12.22,125.48,76.36,6.08
wajir,0,KE,1551650659,46,1.75,40.07,82.08,7.76
inhambane,76,MZ,1551650659,92,-23.87,35.38,80.32,9.22
taksimo,36,RU,1551650659,72,56.36,114.84,9.81,2.06
souillac,90,FR,1551650589,33,45.6,-0.6,62.6,18.34
sinnamary,44,GF,1551650661,87,5.38,-52.96,81.18,10.78
kumano,75,JP,1551650646,100,34.34,132.59,48.99,5.82
realeza,0,BR,1551650467,50,-25.77,-53.53,85.54,2.73
lorengau,0,PG,1551650663,99,-2.02,147.27,82.84,4.97
dzilam gonzalez,0,MX,1551650663,33,21.28,-88.93,94.68,8.43
sur,0,OM,1551650663,100,22.57,59.53,67.27,4.85
vuktyl,76,RU,1551650663,61,63.86,57.31,3.55,4.74
jaen,44,PE,1551650665,85,-5.71,-78.81,69.48,2.06
isangel,0,VU,1551650666,95,-19.55,169.27,82.93,8.55
sitka,68,US,1551650524,75,37.17,-99.65,10.99,10.0
high prairie,0,CA,1551650667,48,55.43,-116.48,4.81,4.07
port blair,0,IN,1551650489,100,11.67,92.75,81.58,1.95
okahandja,48,NA,1551650435,27,-21.98,16.91,77.0,5.82
puri,20,ID,1551646800,94,-7.54,112.45,78.8,2.73
chisec,0,GT,1551650441,42,15.81,-90.29,86.94,2.62
cap-aux-meules,40,CA,1551646800,67,47.38,-61.86,21.2,11.41
aklavik,75,CA,1551646800,51,68.22,-135.01,12.2,4.7
bedele,24,ET,1551650671,91,8.46,36.35,58.81,2.28
bathsheba,20,BB,1551650400,69,13.22,-59.52,78.8,19.46
aljezur,80,PT,1551650528,93,37.31,-8.8,57.0,1.01
beysehir,64,TR,1551650671,98,37.68,31.72,31.0,2.73
kyren,0,RU,1551650673,59,51.68,102.13,1.21,1.95
saint-augustin,0,FR,1551650589,44,44.83,-0.61,66.2,13.87
altamira,40,BR,1551646800,79,-3.2,-52.21,84.2,3.36
tongliao,88,CN,1551650675,69,43.61,122.27,31.36,11.79
san vicente,20,SV,1551649800,58,13.64,-88.78,87.8,9.17
grand-santi,88,GF,1551650677,92,4.27,-54.38,78.03,4.29
verkhniye kigi,68,RU,1551650679,78,55.41,58.6,15.79,11.34
salisbury,40,GB,1551650658,76,51.07,-1.8,48.99,12.75
cockburn town,0,TC,1551650679,96,21.46,-71.14,78.43,16.82
san pedro,24,AR,1551650679,52,-33.68,-59.66,84.73,10.56
te anau,12,NZ,1551650228,81,-45.41,167.72,48.28,4.07
bjornevatn,0,NO,1551649800,60,69.67,29.98,8.6,26.4
puli,40,TW,1551650615,87,23.97,120.97,64.99,10.29
sao felix do xingu,56,BR,1551650548,86,-6.64,-51.99,78.07,2.62
zhigansk,68,RU,1551650683,73,66.77,123.37,-2.8,6.64
junnar,0,IN,1551650685,91,19.21,73.88,52.74,2.17
san quintin,0,PH,1551650686,79,17.54,120.52,57.37,2.17
khovu-aksy,0,RU,1551650686,48,51.13,93.72,-5.9,1.16
padang,88,ID,1551650645,100,-0.92,100.36,83.34,9.33
dunda,0,IN,1551650687,94,30.62,78.32,29.92,2.39
pangnirtung,75,CA,1551646800,76,66.15,-65.72,-11.21,4.7
waynesville,90,US,1551650487,67,37.83,-92.2,24.8,14.99
dodge city,75,US,1551650420,65,37.75,-100.02,10.99,14.99
dukat,0,RS,1551650413,78,42.44,22.31,32.0,1.83
kholodnyy,12,RU,1551650689,46,62.72,147.95,-31.37,2.62
tiarei,40,PF,1551648600,66,-17.53,-149.33,89.6,8.05
ukiah,90,US,1551650463,67,39.15,-123.21,57.99,5.82
sabha,0,LY,1551650691,48,27.03,14.43,53.19,5.97
kieta,24,PG,1551650134,100,-6.22,155.63,78.84,4.41
binga,20,ZW,1551650693,78,-17.62,27.34,77.49,0.83
geraldton,75,CA,1551646800,49,49.72,-86.95,1.4,6.93
vila franca do campo,75,PT,1551650654,62,37.72,-25.43,59.0,10.29
talara,0,PE,1551650400,290,-4.58,-81.27,62.6,11.41
saravan,90,AM,1551650400,80,39.72,45.65,39.2,4.7
waingapu,48,ID,1551650695,99,-9.65,120.26,71.64,2.62
puerto rico,0,PY,1551650656,41,-26.82,-55.03,91.66,1.72
lososina,0,RU,1551650696,91,49.0,140.31,7.42,2.06
liverpool,75,GB,1551650647,93,53.41,-2.98,44.6,31.09
asyut,0,EG,1551646800,50,27.18,31.19,55.4,11.41
ust-kuyga,64,RU,1551650699,59,70.0,135.55,-20.98,3.29
asosa,0,ET,1551650699,28,10.07,34.53,64.71,5.41
saint-andre-avellin,90,CA,1551650641,58,45.72,-75.07,30.2,6.93
zyryanka,0,RU,1551650701,59,65.73,150.89,-20.66,5.19
kenai,90,US,1551650524,80,60.55,-151.26,33.8,10.29
pagudpud,20,PH,1551646800,88,18.56,120.79,68.0,4.7
mahina,0,ML,1551650703,40,13.76,-10.85,70.06,5.75
chastyye,8,RU,1551650705,81,57.29,54.97,3.06,4.63
canberra,48,AU,1551650525,68,-35.3,149.1,71.01,1.12
santa cruz,90,US,1551650586,93,36.97,-122.03,63.0,13.87
jizan,0,SA,1551646800,61,16.89,42.56,80.6,10.29
cravo norte,32,CO,1551650711,24,6.3,-70.2,100.39,8.66
bajil,0,ES,1551650711,78,38.23,-2.07,45.63,2.62
santa maria,20,BR,1551646800,62,-29.69,-53.81,84.2,9.17
carutapera,92,BR,1551650714,100,-1.2,-46.02,73.89,5.3
neryungri,0,RU,1551650714,52,56.66,124.71,-6.53,4.85
lichuan,32,CN,1551650714,78,30.3,108.94,26.73,2.06
maunabo,1,PR,1551650692,74,18.01,-65.9,80.6,12.75
ambilobe,0,MG,1551650715,74,-13.19,49.05,79.38,8.21
tadine,64,NC,1551650715,96,-21.55,167.88,80.05,8.66
bubaque,0,GW,1551650715,78,11.28,-15.83,82.84,8.32
ahuimanu,1,US,1551650616,64,21.44,-157.84,78.8,11.41
aswan,0,EG,1551650474,57,24.09,32.9,50.62,3.4
sladkovo,88,RU,1551650718,91,55.53,70.34,29.61,23.64
togul,88,RU,1551650719,93,53.47,85.91,31.36,7.43
kalmunai,64,LK,1551650719,97,7.42,81.82,75.55,3.29
umm kaddadah,0,SD,1551650719,23,13.6,26.69,68.17,9.89
athens,90,US,1551650713,86,34.8,-86.97,43.0,17.22
muncar,56,ID,1551650721,94,-8.43,114.34,80.59,3.96
usinsk,8,RU,1551650722,59,66.0,57.56,-7.25,9.1
chilca,40,PE,1551650400,28,-13.22,-72.34,68.0,5.82
caravelas,48,BR,1551650576,100,-17.73,-39.27,84.01,13.02
rafaela,48,AR,1551650672,43,-31.25,-61.49,91.0,5.99
roma,0,IT,1551650464,81,41.89,12.48,53.01,4.7
la romana,40,DO,1551646800,51,18.43,-68.97,84.2,11.41
walvis bay,0,NA,1551650529,77,-22.95,14.51,66.99,4.7
madang,92,PG,1551650730,100,-5.21,145.81,72.36,5.53
porto seguro,20,BR,1551650400,74,-16.44,-39.06,82.4,12.75
goderich,92,CA,1551650666,91,43.74,-81.71,21.99,5.19
lata,0,IN,1551650731,94,30.78,78.62,29.92,2.39
smoky lake,12,CA,1551650733,80,54.11,-112.47,0.22,11.68
jackson,90,US,1551650483,74,35.61,-88.82,36.0,17.22
talnakh,8,RU,1551650735,52,69.49,88.39,-10.58,3.4
shingu,100,JP,1551650735,100,33.72,135.99,55.75,12.12
waipawa,0,NZ,1551650356,59,-39.94,176.59,70.0,4.07
abeche,12,TD,1551650738,30,13.83,20.83,75.51,8.55
hoi an,40,VN,1551648600,88,15.88,108.33,77.0,1.12
nome,90,US,1551650730,71,30.04,-94.42,55.4,18.34
dire,12,ET,1551650741,73,9.18,38.92,53.73,4.52
yulara,0,AU,1551646800,24,-25.24,130.99,78.8,8.05
moss point,90,US,1551650722,93,30.41,-88.53,64.4,13.87
vaitape,24,PF,1551650743,100,-16.52,-151.75,83.11,3.74
kamenka,80,RU,1551650425,95,53.19,44.05,26.01,18.05
kolokani,0,ML,1551650743,30,13.58,-8.03,66.01,7.54
sabana grande de boya,20,DO,1551650606,65,18.95,-69.79,84.2,9.17
kahului,20,US,1551650456,41,20.89,-156.47,78.8,14.99
bilma,0,NE,1551650744,19,18.69,12.92,60.79,9.44
half moon bay,90,US,1551650501,93,37.46,-122.43,60.01,11.41
rodino,24,RU,1551650745,86,52.5,80.2,26.32,12.24
aksarayskiy,0,RU,1551648600,79,46.79,48.01,28.4,6.71
erdenet,0,MN,1551650747,58,49.03,104.04,7.87,2.17
arroyo,90,US,1551650734,86,41.39,-78.88,30.0,4.7
los llanos de aridane,40,ES,1551650404,68,28.66,-17.92,64.4,9.17
la paz,20,MX,1551650426,27,24.15,-110.32,88.0,13.87
deputatskiy,0,RU,1551650750,0,69.3,139.9,-37.04,2.73
treinta y tres,0,UY,1551650751,58,-33.23,-54.39,76.68,6.53
kloulklubed,75,PW,1551649800,83,7.04,134.26,78.8,6.93
chiscas,68,CO,1551650751,86,6.55,-72.5,57.28,1.16
sangin,20,AF,1551650751,90,32.07,64.85,42.88,5.3
filadelfia,0,PY,1551650752,43,-22.35,-60.04,95.58,14.47
primorsk,76,RU,1551650703,10,60.37,28.62,19.0,4.63
buin,0,CL,1551650627,39,-33.73,-70.74,81.0,9.17
gold coast,92,AU,1551650657,83,-28.0,153.41,78.01,1.01
lagunas,32,PE,1551650755,54,-5.23,-75.68,92.79,1.72
aguazul,20,CO,1551650755,64,5.17,-72.55,72.85,2.62
lumberton,90,US,1551650406,71,30.27,-94.2,57.2,18.34
riberalta,75,BO,1551646800,66,-11.0,-66.08,89.6,3.06
lasa,75,CY,1551650497,87,34.92,32.53,53.6,6.93
kerrville,90,US,1551650583,86,30.05,-99.14,46.99,17.22
mali,8,CN,1551650760,31,27.53,102.2,44.73,2.28
alghero,20,IT,1551648000,100,40.56,8.32,46.4,2.24
guanica,90,PR,1551650529,87,17.97,-66.91,80.01,10.29
sistranda,75,NO,1551650490,74,63.73,8.83,36.0,14.99
bahia blanca,80,AR,1551650765,50,-38.72,-62.27,82.44,17.83
narsaq,44,GL,1551646200,54,60.91,-46.05,30.2,3.36
thinadhoo,68,MV,1551650767,99,0.53,72.93,83.56,14.14
havoysund,75,NO,1551649800,85,71.0,24.66,24.8,28.86
turukhansk,56,RU,1551650767,78,65.8,87.96,15.66,15.03
tucumcari,90,US,1551646380,78,35.17,-103.73,17.6,11.41
sungairaya,76,ID,1551650770,97,0.7,108.9,73.44,3.62
grand gaube,40,MU,1551650647,83,-20.01,57.66,81.0,8.05
hagonoy,40,PH,1551650584,83,14.84,120.73,78.01,2.24
nara,75,JP,1551650696,100,34.68,135.8,48.99,5.82
sechura,0,PE,1551650775,67,-5.56,-80.82,82.53,14.36
bandhi,0,PK,1551650400,87,26.59,68.3,57.2,4.7
palaia fokaia,20,GR,1551650704,75,37.72,23.95,51.01,2.24
tuatapere,0,NZ,1551650721,90,-46.13,167.69,57.55,12.24
bereda,40,ES,1551650643,76,43.27,-7.54,55.99,17.22
manzhouli,68,CN,1551650779,68,49.6,117.43,15.39,4.07
thyboron,64,DK,1551650704,51,56.7,8.21,42.01,12.35
alice springs,32,AU,1551648600,30,-23.7,133.88,69.8,3.36
handan,0,CN,1551650779,91,36.58,114.48,35.68,6.76
cururupu,92,BR,1551650780,90,-1.82,-44.87,77.49,4.18
inirida,20,CO,1551650782,74,3.87,-67.92,84.55,2.84
riyadh,0,SA,1551646800,33,24.63,46.72,57.2,3.36
paciran,88,ID,1551650782,93,-6.9,112.33,76.18,2.84
shenjiamen,0,CN,1551650783,95,29.96,122.3,46.03,15.37
taltal,0,CL,1551650783,64,-25.41,-70.49,71.86,4.52
okhotsk,0,RU,1551650783,100,59.36,143.24,-7.7,6.64
bad worishofen,32,DE,1551650733,64,48.02,10.6,50.0,13.87
feijo,75,EC,1551650400,66,-3.63,-79.92,89.6,6.93
santa cruz de tenerife,75,ES,1551650729,82,28.47,-16.25,64.99,10.29
chateau-thierry,90,FR,1551650471,71,49.05,3.4,55.99,11.41
aripuana,36,BR,1551650784,74,-9.17,-60.63,84.91,1.72
samut prakan,20,TH,1551650724,83,13.6,100.6,87.01,13.87
paamiut,0,GL,1551650785,100,61.99,-49.67,25.83,11.79
santa leopoldina,0,BR,1551650400,79,-20.1,-40.53,84.2,10.29
biskamzha,76,RU,1551650786,85,53.45,89.53,26.23,4.41
bria,0,CF,1551650786,40,6.54,21.99,75.1,8.32
qaqortoq,80,GL,1551646200,54,60.72,-46.03,30.2,3.36
princeton,40,US,1551650643,48,41.37,-89.46,21.0,19.46
muros,75,ES,1551650673,87,42.77,-9.06,59.0,17.22
margate,0,AU,1551650775,62,-43.03,147.26,64.99,5.82
maryborough,92,AU,1551650787,88,-25.54,152.7,69.25,5.41
moron,32,VE,1551650787,56,10.49,-68.2,80.32,3.85
yeppoon,40,AU,1551648600,69,-23.13,150.74,75.2,8.05
byron bay,40,AU,1551650594,83,-28.65,153.62,73.4,10.11
yerofey pavlovich,36,RU,1551650788,73,53.97,121.97,6.66,2.39
banda aceh,0,ID,1551650788,98,5.56,95.32,72.76,2.06
broken hill,0,AU,1551646800,27,-31.97,141.45,77.0,3.36
salalah,20,OM,1551646200,65,17.01,54.1,77.0,1.12
omboue,80,GA,1551650792,99,-1.57,9.26,83.92,9.33
petersburg,90,US,1551650764,70,37.23,-77.4,46.99,5.82
mahon,20,IE,1551648600,100,51.89,-8.4,33.8,3.36
jiehu,0,CN,1551650794,72,35.54,118.45,25.38,2.73
fayaoue,68,NC,1551650794,98,-20.65,166.53,79.96,13.24
biak,8,ID,1551650794,99,-0.91,122.88,77.08,3.29
shubarkuduk,64,KZ,1551650662,84,49.15,56.49,16.51,12.68
nagato,75,JP,1551650605,93,34.35,131.14,50.0,5.82
fare,68,PF,1551650795,100,-16.7,-151.02,82.71,3.74
kanniyakumari,8,IN,1551650795,100,8.08,77.57,82.03,1.61
ishigaki,75,JP,1551646800,77,24.34,124.16,68.0,12.75
coquimbo,20,CL,1551650400,72,-29.95,-71.34,66.2,12.75
aloleng,0,PH,1551650796,94,16.13,119.78,75.91,7.99
lavrentiya,76,RU,1551650797,92,65.58,-170.99,28.44,30.69
yanam,0,IN,1551650797,88,16.73,82.22,76.14,6.08
sorland,20,NO,1551649800,73,67.67,12.69,19.4,2.24
huarmey,36,PE,1551650639,56,-10.07,-78.15,78.7,4.74
atar,0,MR,1551650798,16,20.52,-13.05,65.38,7.09
statesboro,90,US,1551650764,78,32.45,-81.78,78.8,4.7
buchanan,20,LR,1551646800,94,5.88,-10.05,78.8,8.32
ucluelet,75,CA,1551650785,52,48.94,-125.55,46.0,11.41
limbang,75,BN,1551648600,94,4.75,115.01,78.8,3.36
mackay,5,CA,1551646800,35,53.65,-115.58,12.2,9.17
upington,0,ZA,1551646800,26,-28.46,21.24,80.6,9.17
rawson,0,AR,1551650801,21,-43.3,-65.11,79.69,10.89
mildura,64,AU,1551650506,47,-34.18,142.16,75.2,5.82
sao filipe,0,CV,1551650802,88,14.9,-24.5,72.54,17.05
goure,0,NE,1551650802,19,13.98,10.27,80.01,12.68
zarubino,12,RU,1551650802,100,42.65,131.06,29.16,5.64
salihorsk,92,BY,1551650803,92,52.79,27.54,40.81,19.06
port hardy,90,CA,1551646800,80,50.7,-127.42,33.8,23.04
san policarpo,80,PH,1551650685,100,12.18,125.51,76.36,6.08
boa vista,40,BR,1551650400,30,2.82,-60.67,95.0,10.29
bintulu,75,MY,1551646800,100,3.17,113.03,75.2,2.51
providencia,40,CO,1551646800,68,1.24,-77.6,71.6,10.29
mankono,8,CI,1551650806,33,8.06,-6.19,81.31,6.64
clarksburg,90,US,1551650633,98,39.24,-77.28,35.01,5.53
amapa,20,HN,1551650754,58,15.09,-87.97,87.8,17.22
lazaro cardenas,5,MX,1551650551,20,28.39,-105.62,82.4,12.75
namibe,8,AO,1551650808,100,-15.19,12.15,76.59,9.78
